 
 
Index :  Threshold  value used for processing ====> 10 , 100.00 

 
 Error ==>  4160122.5719714365 for Threshold 100.00

 No. of new cluster Leader of the patterns are  69:
---------------------------------------------------------------
Cluster Leader of the patterns
	 Cluster Leader List Index  : [0, 1, 2, 7, 8, 16, 17, 20, 22, 23, 24, 35, 37, 43, 53, 55, 69, 70, 79, 97, 98, 102, 105, 110, 131, 139, 150, 152, 154, 162, 167, 168, 169, 175, 177, 182, 211, 237, 239, 243, 254, 261, 274, 281, 286, 349, 357, 394, 433, 479, 490, 491, 493, 495, 502, 513, 517, 569, 677, 685, 724, 796, 810, 837, 838, 839, 857, 878, 992] 

 
 Index Table - Teeta Details , Error(MSE) , Cluster List ------------->
 Index = 1,  ======> 
 [{'Index': 1, 'Teeta': 100, 'Error': '4282358.60', 'no.leader': 75, 'Cluster Index in DP/Leaders': [0, 1, 3, 4, 7, 9, 16, 17, 19, 20, 25, 27, 30, 35, 41, 42, 45, 47, 49, 70, 119, 132, 163, 178, 180, 189, 199, 208, 211, 222, 227, 238, 242, 247, 249, 258, 268, 271, 282, 321, 343, 354, 356, 390, 405, 407, 428, 440, 471, 473, 489, 505, 510, 524, 539, 551, 552, 565, 568, 573, 626, 680, 682, 720, 743, 752, 756, 786, 798, 801, 835, 898, 916, 923, 925]}] 

 Index = 2,  ======> 
 [{'Index': 2, 'Teeta': 100, 'Error': '3866721.24', 'no.leader': 73, 'Cluster Index in DP/Leaders': [0, 1, 2, 3, 4, 6, 7, 14, 15, 20, 23, 24, 26, 38, 43, 48, 49, 57, 62, 68, 69, 71, 72, 76, 87, 107, 108, 112, 113, 116, 123, 140, 157, 159, 162, 172, 173, 178, 181, 191, 198, 205, 207, 212, 218, 223, 231, 234, 238, 278, 296, 323, 349, 397, 417, 424, 439, 453, 454, 459, 467, 493, 566, 604, 623, 641, 701, 734, 746, 760, 917, 932, 990]}] 

 Index = 3,  ======> 
 [{'Index': 3, 'Teeta': 100, 'Error': '3959840.80', 'no.leader': 74, 'Cluster Index in DP/Leaders': [0, 2, 3, 6, 7, 8, 12, 14, 15, 16, 19, 24, 26, 27, 28, 34, 37, 39, 47, 50, 55, 57, 65, 68, 69, 79, 80, 81, 85, 88, 94, 98, 99, 126, 159, 165, 169, 178, 195, 207, 209, 214, 217, 219, 221, 233, 235, 258, 327, 353, 378, 464, 476, 535, 540, 543, 544, 556, 574, 576, 611, 612, 712, 752, 753, 761, 764, 818, 826, 847, 886, 908, 958, 991]}] 

 Index = 4,  ======> 
 [{'Index': 4, 'Teeta': 100, 'Error': '4022552.80', 'no.leader': 74, 'Cluster Index in DP/Leaders': [0, 1, 2, 3, 4, 5, 6, 7, 9, 11, 13, 15, 16, 17, 21, 22, 28, 32, 36, 42, 44, 49, 51, 62, 66, 68, 72, 73, 87, 92, 96, 129, 139, 160, 168, 184, 199, 208, 215, 217, 219, 229, 235, 244, 262, 265, 277, 280, 285, 295, 345, 361, 389, 392, 463, 465, 475, 535, 556, 584, 588, 599, 616, 667, 677, 709, 725, 755, 760, 781, 782, 844, 943, 957]}] 

 Index = 5,  ======> 
 [{'Index': 5, 'Teeta': 100, 'Error': '4086689.25', 'no.leader': 74, 'Cluster Index in DP/Leaders': [0, 1, 3, 5, 7, 9, 10, 12, 14, 15, 16, 17, 20, 26, 29, 33, 34, 38, 48, 49, 51, 56, 61, 80, 86, 88, 110, 114, 129, 130, 137, 142, 146, 162, 179, 181, 189, 198, 207, 212, 227, 235, 262, 275, 280, 284, 287, 296, 316, 363, 395, 397, 401, 417, 440, 450, 494, 509, 535, 546, 558, 594, 600, 623, 633, 657, 716, 725, 762, 767, 825, 836, 925, 978]}] 

 Index = 6,  ======> 
 [{'Index': 6, 'Teeta': 100, 'Error': '4223218.69', 'no.leader': 67, 'Cluster Index in DP/Leaders': [0, 1, 2, 3, 4, 5, 6, 7, 9, 13, 14, 17, 19, 21, 22, 24, 30, 32, 35, 39, 44, 46, 49, 52, 58, 74, 79, 85, 95, 98, 104, 121, 130, 142, 153, 171, 176, 180, 188, 199, 211, 231, 239, 294, 316, 357, 362, 402, 403, 421, 538, 578, 585, 595, 622, 623, 671, 681, 721, 770, 774, 780, 805, 819, 891, 951, 971]}] 

 Index = 7,  ======> 
 [{'Index': 7, 'Teeta': 100, 'Error': '4011023.12', 'no.leader': 79, 'Cluster Index in DP/Leaders': [0, 1, 2, 3, 5, 6, 9, 10, 11, 13, 14, 15, 16, 20, 22, 23, 25, 37, 44, 52, 55, 56, 57, 67, 78, 86, 108, 113, 115, 123, 130, 135, 153, 157, 174, 175, 191, 211, 213, 217, 238, 246, 247, 249, 262, 273, 276, 281, 294, 338, 340, 344, 365, 383, 385, 388, 469, 483, 513, 516, 528, 543, 571, 575, 581, 584, 622, 647, 666, 691, 708, 712, 755, 807, 828, 868, 882, 964, 969]}] 

 Index = 8,  ======> 
 [{'Index': 8, 'Teeta': 100, 'Error': '3938759.62', 'no.leader': 79, 'Cluster Index in DP/Leaders': [0, 1, 3, 4, 7, 8, 13, 16, 19, 20, 26, 29, 30, 31, 46, 51, 54, 58, 63, 64, 69, 81, 89, 90, 91, 95, 96, 97, 101, 103, 108, 110, 114, 129, 132, 133, 135, 151, 152, 157, 162, 163, 167, 168, 171, 189, 213, 218, 221, 232, 235, 240, 241, 274, 278, 320, 328, 331, 334, 420, 436, 448, 466, 469, 485, 516, 520, 545, 561, 594, 601, 615, 644, 676, 713, 750, 826, 874, 984]}] 

 Index = 9,  ======> 
 [{'Index': 9, 'Teeta': 100, 'Error': '4199622.78', 'no.leader': 71, 'Cluster Index in DP/Leaders': [0, 1, 2, 3, 4, 5, 6, 7, 10, 14, 17, 24, 26, 37, 49, 59, 64, 68, 79, 88, 91, 96, 101, 105, 122, 126, 131, 143, 154, 157, 169, 173, 181, 201, 211, 216, 219, 234, 237, 262, 279, 283, 308, 335, 337, 368, 372, 382, 451, 460, 484, 494, 504, 522, 557, 570, 591, 599, 634, 651, 678, 729, 748, 794, 822, 833, 842, 884, 886, 936, 972]}] 

 Index = 10,  ======> 
 [{'Index': 10, 'Teeta': 100, 'Error': '4160122.57', 'no.leader': 69, 'Cluster Index in DP/Leaders': [0, 1, 2, 7, 8, 16, 17, 20, 22, 23, 24, 35, 37, 43, 53, 55, 69, 70, 79, 97, 98, 102, 105, 110, 131, 139, 150, 152, 154, 162, 167, 168, 169, 175, 177, 182, 211, 237, 239, 243, 254, 261, 274, 281, 286, 349, 357, 394, 433, 479, 490, 491, 493, 495, 502, 513, 517, 569, 677, 685, 724, 796, 810, 837, 838, 839, 857, 878, 992]}] 
